Running db_bench with --num=160000000 --lac=1
Keys:       16 bytes each
Values:     100 bytes each (50 bytes after compression)
Entries:    160000000
RawSize:    17700.2 MB (estimated)
FileSize:   10070.8 MB (estimated)
------------------------------------------------
Counter  0 0 0 0 0 0 0 0 0
0 0 0 0 0 0 0 0 0
Counter  0 0 0 0 0 0 0 0 0
0 0 0 0 0 0 0 0 0
Counter  0 0 0 0 0 0 0 0 0
0 0 0 0 0 0 0 0 0
Counter  0 0 0 0 0 0 0 0 0
0 0 0 0 0 0 0 0 0
Counter  0 0 0 0 0 0 0 0 0
0 0 0 0 0 0 0 0 0
Counter  0 0 0 0 0 0 0 0 0
0 0 0 0 0 0 0 0 0
Counter  0 0 0 0 0 0 0 0 0
0 0 0 0 0 0 0 0 0
Counter  0 0 0 0 0 0 0 0 0
0 0 0 0 0 0 0 0 0
Counter  0 0 0 0 0 0 0 0 0
0 0 0 0 0 0 0 0 0
Counter  0 0 0 0 0 0 0 0 0
0 0 0 0 0 0 0 0 0
Counter  0 0 0 0 0 0 0 0 0
0 0 0 0 0 0 0 0 0
Counter  0 0 0 0 0 0 0 0 0
0 0 0 0 0 0 0 0 0
Counter  0 0 0 0 0 0 0 0 0
0 0 0 0 0 0 0 0 0
Counter  0 0 0 0 0 0 0 0 0
0 0 0 0 0 0 0 0 0
Counter  0 0 0 0 0 0 0 0 0
0 0 0 0 0 0 0 0 0
Counter BaselineNegative 0 0 0 0 0 0 0 0 0
0 0 0 0 0 0 0 0 0
Counter LLSMNegative 0 0 0 0 0 0 0 0 0
0 0 0 0 0 0 0 0 0
Counter BaselinePositive 0 0 0 0 0 0 0 0 0
0 0 0 0 0 0 0 0 0
Counter LLSMPositive 0 0 0 0 0 0 0 0 0
0 0 0 0 0 0 0 0 0
zipfill      :       3.934 micros/op;   28.1 MB/s;   629.477
zipread      :       3.368 micros/op;   32.8 MB/s (160000000 of 160000000 found);   538.862
--------------------------------------------------
memtable stall time: 19.596 s
L0 stall time: 0  s
L0 slow stall time: 446.182  s
waf:26.2802
Timer 0: 7648017408 : 7.648017408
Timer 1: 2974934784 : 2.974934784
Timer 2: 16698907648 : 16.698907648
Timer 3: 17198376960 : 17.198376960
Timer 4: 0 : 0.000000000
Timer 5: 10752226304 : 10.752226304
Timer 6: 39994114048 : 39.994114048
Timer 7: 628816674816 : 628.816674816
Timer 8: 0 : 0.000000000
Timer 9: 0 : 0.000000000
Timer 10: 0 : 0.000000000
Timer 11: 0 : 0.000000000
Timer 12: 19042148352 : 19.042148352
Timer 13: 0 : 0.000000000
Timer 14: 20969959424 : 20.969959424
Timer 15: 574321408 : 0.574321408
Timer 16: 105488089088 : 105.488089088
Timer 17: 0 : 0.000000000
Timer 18: 0 : 0.000000000
Timer 19: 0 : 0.000000000

                               Compactions
Level  Files  Size(MB) Time(sec) M_Time(micros) Read(MB) Write(MB)  M_Read(MB) M_Write(MB) Count 
------------------------------------------------------------------------------------------------ 
  0         1         3      256         0       11342      13645          0          0      282
  1         9         9      235    106941       14222      13482         11          2     1225
  2        65        99       75     43974        4409       4032          4          2      585
  3       511       998        0         0           0          0          0          0        0
  4        38        77        0         0           0          0          0          0        0

Counter LevelModel 0 0 0 0 0 0 0 0 0
0 0 0 0 0 0 0 0 0
Counter FileModel 0 0 0 0 0 0 0 0 0
0 0 0 0 0 0 0 0 0
Counter Baseline 219656985 85524652 34359596 37443231 37150045 25179461 0 0 0
219656985 85524652 34359596 37443231 37150045 25179461 0 0 0
Counter Succeeded -2147483648 6267535360 741343232 20384776192 57782173696 27747811328 0 0 74474842
160000000 6956060 701871 15559700 37128066 25179461 0 0 74474842
Counter FalseInternal -2147483648 68389502976 34210643968 27679719424 28311552 0 0 0 0
134131827 78568592 33657725 21883531 21979 0 0 0 0
Counter Compaction -2147483648 294813060416 540214674608 439241622920 88635162624 217317376 0 0 0
6897 2529 1537 2005 788 38 0 0 0
Counter Learn 0 0 0 0 0 0 0 0 0
0 0 0 0 0 0 0 0 0
Counter SuccessTime 0 0 0 0 0 0 0 0 0
0 0 0 0 0 0 0 0 0
Counter FalseTime 0 0 0 0 0 0 0 0 0
0 0 0 0 0 0 0 0 0
Counter FilteredLookup -2147483648 1064239104 427294720 543162368 634191872 328007680 0 0 0
219656985 85524652 34359596 37443231 37150045 25179461 0 0 0
Counter PutWait 423265 423204 61 0 0 0 0 0 0
423265 423204 61 0 0 0 0 0 0
Counter FileLearning 0 0 0 0 0 0 0 0 0
0 0 0 0 0 0 0 0 0
Counter LevelLearn 0 0 0 0 0 0 0 0 0
0 0 0 0 0 0 0 0 0
Counter LevelModelUse 0 0 0 0 0 0 0 0 0
0 0 0 0 0 0 0 0 0
Counter LevelModelNotUse 243923313 0 78569098 77867227 62307527 25179461 0 0 0
243923313 0 78569098 77867227 62307527 25179461 0 0 0
Counter BaselineNegative -2147483648 68389502976 34210643968 27679719424 28311552 0 0 0 0
134131827 78568592 33657725 21883531 21979 0 0 0 0
Counter LLSMNegative 0 0 0 0 0 0 0 0 0
0 0 0 0 0 0 0 0 0
Counter BaselinePositive -2147483648 6267535360 741343232 20384776192 57782173696 27747811328 0 0 0
85525158 6956060 701871 15559700 37128066 25179461 0 0 0
Counter LLSMPositive 0 0 0 0 0 0 0 0 0
0 0 0 0 0 0 0 0 0
-------------------------------------
