Running db_bench with --num=160000000 --lac=1
Keys:       16 bytes each
Values:     100 bytes each (50 bytes after compression)
Entries:    160000000
RawSize:    17700.2 MB (estimated)
FileSize:   10070.8 MB (estimated)
------------------------------------------------
Counter  0 0 0 0 0 0 0 0 0
0 0 0 0 0 0 0 0 0
Counter  0 0 0 0 0 0 0 0 0
0 0 0 0 0 0 0 0 0
Counter  0 0 0 0 0 0 0 0 0
0 0 0 0 0 0 0 0 0
Counter  0 0 0 0 0 0 0 0 0
0 0 0 0 0 0 0 0 0
Counter  0 0 0 0 0 0 0 0 0
0 0 0 0 0 0 0 0 0
Counter  0 0 0 0 0 0 0 0 0
0 0 0 0 0 0 0 0 0
Counter  0 0 0 0 0 0 0 0 0
0 0 0 0 0 0 0 0 0
Counter  0 0 0 0 0 0 0 0 0
0 0 0 0 0 0 0 0 0
Counter  0 0 0 0 0 0 0 0 0
0 0 0 0 0 0 0 0 0
Counter  0 0 0 0 0 0 0 0 0
0 0 0 0 0 0 0 0 0
Counter  0 0 0 0 0 0 0 0 0
0 0 0 0 0 0 0 0 0
Counter  0 0 0 0 0 0 0 0 0
0 0 0 0 0 0 0 0 0
Counter  0 0 0 0 0 0 0 0 0
0 0 0 0 0 0 0 0 0
Counter  0 0 0 0 0 0 0 0 0
0 0 0 0 0 0 0 0 0
Counter  0 0 0 0 0 0 0 0 0
0 0 0 0 0 0 0 0 0
Counter BaselineNegative 0 0 0 0 0 0 0 0 0
0 0 0 0 0 0 0 0 0
Counter LLSMNegative 0 0 0 0 0 0 0 0 0
0 0 0 0 0 0 0 0 0
Counter BaselinePositive 0 0 0 0 0 0 0 0 0
0 0 0 0 0 0 0 0 0
Counter LLSMPositive 0 0 0 0 0 0 0 0 0
0 0 0 0 0 0 0 0 0
fillrandom   :       8.916 micros/op;   12.4 MB/s;  1426.629
readrandom   :       8.004 micros/op;   13.8 MB/s (160000000 of 160000000 found);  1280.585
--------------------------------------------------
memtable stall time: 21.7148 s
L0 stall time: 0  s
L0 slow stall time: 1268.04  s
waf:16.7172
Timer 0: 9599645696 : 9.599645696
Timer 1: 4590038016 : 4.590038016
Timer 2: 18081337344 : 18.081337344
Timer 3: 17419438080 : 17.419438080
Timer 4: 0 : 0.000000000
Timer 5: 17188118528 : 17.188118528
Timer 6: 69060739072 : 69.060739072
Timer 7: 1458767265792 : 1458.767265792
Timer 8: 0 : 0.000000000
Timer 9: 0 : 0.000000000
Timer 10: 0 : 0.000000000
Timer 11: 0 : 0.000000000
Timer 12: 22728808448 : 22.728808448
Timer 13: 0 : 0.000000000
Timer 14: 34409136128 : 34.409136128
Timer 15: 1493080576 : 1.493080576
Timer 16: 103361675264 : 103.361675264
Timer 17: 0 : 0.000000000
Timer 18: 0 : 0.000000000
Timer 19: 0 : 0.000000000

                               Compactions
Level  Files  Size(MB) Time(sec) M_Time(micros) Read(MB) Write(MB)  M_Read(MB) M_Write(MB) Count 
------------------------------------------------------------------------------------------------ 
  0         2         5      299         0       11335      17356          0          0      270
  1         5         8      519     43873       27778      27614          2          2     3131
  2       111        99      489    141855       29340      28051         12          2     2881
  3       540      1000       14     68938        1189       1051          6          2      208
  4      1701      3318        0         0           0          0          0          0        0

Counter LevelModel 0 0 0 0 0 0 0 0 0
0 0 0 0 0 0 0 0 0
Counter FileModel 0 0 0 0 0 0 0 0 0
0 0 0 0 0 0 0 0 0
Counter Baseline 700176942 319645604 49216505 123999571 99837938 107477324 0 0 0
700176942 319645604 49216505 123999571 99837938 107477324 0 0 0
Counter Succeeded -2147483648 231866368 377618432 6121717760 73864445952 192869564416 0 0 102767
160000000 273538 406290 4987061 46753020 107477324 0 0 102767
Counter FalseInternal -2147483648 282629636096 50835488768 145768448000 81406066688 0 0 0 0
540279709 319372066 48810215 119012510 53084918 0 0 0 0
Counter Compaction -2147483648 336682925584 894096533272 1193974181616 564707506176 31439454208 0 0 0
19129 2517 3447 6390 4994 1781 0 0 0
Counter Learn 0 0 0 0 0 0 0 0 0
0 0 0 0 0 0 0 0 0
Counter SuccessTime 0 0 0 0 0 0 0 0 0
0 0 0 0 0 0 0 0 0
Counter FalseTime 0 0 0 0 0 0 0 0 0
0 0 0 0 0 0 0 0 0
Counter FilteredLookup -2147483648 3909484544 635174912 1789001728 1652293632 2307129344 0 0 0
700176942 319645604 49216505 123999571 99837938 107477324 0 0 0
Counter PutWait 1203202 1202677 525 0 0 0 0 0 0
1203202 1202677 525 0 0 0 0 0 0
Counter FileLearning 0 0 0 0 0 0 0 0 0
0 0 0 0 0 0 0 0 0
Counter LevelLearn 0 0 0 0 0 0 0 0 0
0 0 0 0 0 0 0 0 0
Counter LevelModelUse 0 0 0 0 0 0 0 0 0
0 0 0 0 0 0 0 0 0
Counter LevelModelNotUse 580548768 0 159623695 159217405 154230344 107477324 0 0 0
580548768 0 159623695 159217405 154230344 107477324 0 0 0
Counter BaselineNegative -2147483648 282629636096 50835488768 145768448000 81406066688 0 0 0 0
540279709 319372066 143061187 119012510 53084918 0 0 0 0
Counter LLSMNegative 0 0 0 0 0 0 0 0 0
0 0 0 0 0 0 0 0 0
Counter BaselinePositive -2147483648 231866368 377618432 6121717760 73864445952 192869564416 0 0 0
159897233 273538 406290 4987061 46753020 107477324 0 0 0
Counter LLSMPositive 0 0 0 0 0 0 0 0 0
0 0 0 0 0 0 0 0 0
-------------------------------------
