Running db_bench with --num=160000000 --lac=1
Keys:       16 bytes each
Values:     100 bytes each (50 bytes after compression)
Entries:    160000000
RawSize:    17700.2 MB (estimated)
FileSize:   10070.8 MB (estimated)
------------------------------------------------
Counter  0 0 0 0 0 0 0 0 0
0 0 0 0 0 0 0 0 0
Counter  0 0 0 0 0 0 0 0 0
0 0 0 0 0 0 0 0 0
Counter  0 0 0 0 0 0 0 0 0
0 0 0 0 0 0 0 0 0
Counter  0 0 0 0 0 0 0 0 0
0 0 0 0 0 0 0 0 0
Counter  0 0 0 0 0 0 0 0 0
0 0 0 0 0 0 0 0 0
Counter  0 0 0 0 0 0 0 0 0
0 0 0 0 0 0 0 0 0
Counter  0 0 0 0 0 0 0 0 0
0 0 0 0 0 0 0 0 0
Counter  0 0 0 0 0 0 0 0 0
0 0 0 0 0 0 0 0 0
Counter  0 0 0 0 0 0 0 0 0
0 0 0 0 0 0 0 0 0
Counter  0 0 0 0 0 0 0 0 0
0 0 0 0 0 0 0 0 0
Counter  0 0 0 0 0 0 0 0 0
0 0 0 0 0 0 0 0 0
Counter  0 0 0 0 0 0 0 0 0
0 0 0 0 0 0 0 0 0
Counter  0 0 0 0 0 0 0 0 0
0 0 0 0 0 0 0 0 0
Counter  0 0 0 0 0 0 0 0 0
0 0 0 0 0 0 0 0 0
Counter  0 0 0 0 0 0 0 0 0
0 0 0 0 0 0 0 0 0
Counter BaselineNegative 0 0 0 0 0 0 0 0 0
0 0 0 0 0 0 0 0 0
Counter LLSMNegative 0 0 0 0 0 0 0 0 0
0 0 0 0 0 0 0 0 0
Counter BaselinePositive 0 0 0 0 0 0 0 0 0
0 0 0 0 0 0 0 0 0
Counter LLSMPositive 0 0 0 0 0 0 0 0 0
0 0 0 0 0 0 0 0 0
zipfill      :       3.805 micros/op;   29.1 MB/s;   608.846
zipread      :       2.934 micros/op;   37.7 MB/s (160000000 of 160000000 found);   469.408
--------------------------------------------------
memtable stall time: 27.5208 s
L0 stall time: 0  s
L0 slow stall time: 417.023  s
waf:26.1235
Timer 0: 7746991616 : 7.746991616
Timer 1: 2888372224 : 2.888372224
Timer 2: 16551399424 : 16.551399424
Timer 3: 17199949824 : 17.199949824
Timer 4: 0 : 0.000000000
Timer 5: 10684306432 : 10.684306432
Timer 6: 39863906304 : 39.863906304
Timer 7: 611926474752 : 611.926474752
Timer 8: 0 : 0.000000000
Timer 9: 0 : 0.000000000
Timer 10: 0 : 0.000000000
Timer 11: 0 : 0.000000000
Timer 12: 19170510848 : 19.170510848
Timer 13: 0 : 0.000000000
Timer 14: 20880592896 : 20.880592896
Timer 15: 566724608 : 0.566724608
Timer 16: 113778974720 : 113.778974720
Timer 17: 0 : 0.000000000
Timer 18: 0 : 0.000000000
Timer 19: 0 : 0.000000000

                               Compactions
Level  Files  Size(MB) Time(sec) M_Time(micros) Read(MB) Write(MB)  M_Read(MB) M_Write(MB) Count 
------------------------------------------------------------------------------------------------ 
  0         0         0      258    237284       11342      13655         15          3      282
  1         7         9      217    151275       14076      13329         11          2     1229
  2        64        98       74    125555        4406       4028          8          2      582
  3       511      1000        0         0           0          0          0          0        0
  4        40        80        0         0           0          0          0          0        0

Counter LevelModel 0 0 0 0 0 0 0 0 0
0 0 0 0 0 0 0 0 0
Counter FileModel 0 0 0 0 0 0 0 0 0
0 0 0 0 0 0 0 0 0
Counter Baseline 152905626 3335385 43384485 39782867 62952065 3450824 0 0 0
152905626 3335385 43384485 39782867 62952065 3450824 0 0 0
Counter Succeeded -2147483648 152567808 1177550848 23195877376 83444498432 5212405760 0 0 74474842
160000000 164074 1079913 17880792 62949555 3450824 0 0 74474842
Counter FalseInternal -2147483648 2741239808 42259841024 27724611584 2752512 0 0 0 0
67380468 3171311 42304572 21902075 2510 0 0 0 0
Counter Compaction -2147483648 303174452000 527607482096 422234128512 84355223552 260243456 0 0 0
6911 2529 1539 2010 793 40 0 0 0
Counter Learn 0 0 0 0 0 0 0 0 0
0 0 0 0 0 0 0 0 0
Counter SuccessTime 0 0 0 0 0 0 0 0 0
0 0 0 0 0 0 0 0 0
Counter FalseTime 0 0 0 0 0 0 0 0 0
0 0 0 0 0 0 0 0 0
Counter FilteredLookup -2147483648 45613056 535691264 577503232 931856384 59637760 0 0 0
152905626 3335385 43384485 39782867 62952065 3450824 0 0 0
Counter PutWait 395677 395600 77 0 0 0 0 0 0
395677 395600 77 0 0 0 0 0 0
Counter FileLearning 0 0 0 0 0 0 0 0 0
0 0 0 0 0 0 0 0 0
Counter LevelLearn 0 0 0 0 0 0 0 0 0
0 0 0 0 0 0 0 0 0
Counter LevelModelUse 0 0 0 0 0 0 0 0 0
0 0 0 0 0 0 0 0 0
Counter LevelModelNotUse 239493458 0 85361084 84281171 66400379 3450824 0 0 0
239493458 0 85361084 84281171 66400379 3450824 0 0 0
Counter BaselineNegative -2147483648 2741239808 42259841024 27724611584 2752512 0 0 0 0
67380468 3171311 42304572 21902075 2510 0 0 0 0
Counter LLSMNegative 0 0 0 0 0 0 0 0 0
0 0 0 0 0 0 0 0 0
Counter BaselinePositive -2147483648 152567808 1177550848 23195877376 83444498432 5212405760 0 0 0
85525158 164074 1079913 17880792 62949555 3450824 0 0 0
Counter LLSMPositive 0 0 0 0 0 0 0 0 0
0 0 0 0 0 0 0 0 0
-------------------------------------
