Running db_bench with --num=160000000 --lac=1
Keys:       16 bytes each
Values:     100 bytes each (50 bytes after compression)
Entries:    160000000
RawSize:    17700.2 MB (estimated)
FileSize:   10070.8 MB (estimated)
------------------------------------------------
Counter  0 0 0 0 0 0 0 0 0
0 0 0 0 0 0 0 0 0
Counter  0 0 0 0 0 0 0 0 0
0 0 0 0 0 0 0 0 0
Counter  0 0 0 0 0 0 0 0 0
0 0 0 0 0 0 0 0 0
Counter  0 0 0 0 0 0 0 0 0
0 0 0 0 0 0 0 0 0
Counter  0 0 0 0 0 0 0 0 0
0 0 0 0 0 0 0 0 0
Counter  0 0 0 0 0 0 0 0 0
0 0 0 0 0 0 0 0 0
Counter  0 0 0 0 0 0 0 0 0
0 0 0 0 0 0 0 0 0
Counter  0 0 0 0 0 0 0 0 0
0 0 0 0 0 0 0 0 0
Counter  0 0 0 0 0 0 0 0 0
0 0 0 0 0 0 0 0 0
Counter  0 0 0 0 0 0 0 0 0
0 0 0 0 0 0 0 0 0
Counter  0 0 0 0 0 0 0 0 0
0 0 0 0 0 0 0 0 0
Counter  0 0 0 0 0 0 0 0 0
0 0 0 0 0 0 0 0 0
Counter  0 0 0 0 0 0 0 0 0
0 0 0 0 0 0 0 0 0
Counter  0 0 0 0 0 0 0 0 0
0 0 0 0 0 0 0 0 0
Counter  0 0 0 0 0 0 0 0 0
0 0 0 0 0 0 0 0 0
Counter BaselineNegative 0 0 0 0 0 0 0 0 0
0 0 0 0 0 0 0 0 0
Counter LLSMNegative 0 0 0 0 0 0 0 0 0
0 0 0 0 0 0 0 0 0
Counter BaselinePositive 0 0 0 0 0 0 0 0 0
0 0 0 0 0 0 0 0 0
Counter LLSMPositive 0 0 0 0 0 0 0 0 0
0 0 0 0 0 0 0 0 0
fillrandom   :       8.795 micros/op;   12.6 MB/s;  1407.212
readrandom   :       6.278 micros/op;   17.6 MB/s (160000000 of 160000000 found);  1004.455
--------------------------------------------------
memtable stall time: 16.8121 s
L0 stall time: 0  s
L0 slow stall time: 1253.81  s
waf:16.8175
Timer 0: 9379139584 : 9.379139584
Timer 1: 4478520832 : 4.478520832
Timer 2: 17823580160 : 17.823580160
Timer 3: 17372686336 : 17.372686336
Timer 4: 0 : 0.000000000
Timer 5: 17183541248 : 17.183541248
Timer 6: 68977205248 : 68.977205248
Timer 7: 1441395376128 : 1441.395376128
Timer 8: 0 : 0.000000000
Timer 9: 0 : 0.000000000
Timer 10: 0 : 0.000000000
Timer 11: 0 : 0.000000000
Timer 12: 21584064512 : 21.584064512
Timer 13: 0 : 0.000000000
Timer 14: 34363781120 : 34.363781120
Timer 15: 1086016128 : 1.086016128
Timer 16: 96698605568 : 96.698605568
Timer 17: 0 : 0.000000000
Timer 18: 0 : 0.000000000
Timer 19: 0 : 0.000000000

                               Compactions
Level  Files  Size(MB) Time(sec) M_Time(micros) Read(MB) Write(MB)  M_Read(MB) M_Write(MB) Count 
------------------------------------------------------------------------------------------------ 
  0         0         0      284    434379       11363      17384         29          3      270
  1         6         8      512     51469       28063      27896          2          2     3128
  2       111        99      497    223879       29522      28215         16          2     2872
  3       529       999       14     69986        1060        939          5          2      184
  4      1701      3320        0         0           0          0          0          0        0

Counter LevelModel 0 0 0 0 0 0 0 0 0
0 0 0 0 0 0 0 0 0
Counter FileModel 0 0 0 0 0 0 0 0 0
0 0 0 0 0 0 0 0 0
Counter Baseline 434803095 4439826 72134206 148008713 102117291 108103059 0 0 0
434803095 4439826 72134206 148008713 102117291 108103059 0 0 0
Counter Succeeded -2147483648 1572864 409993216 5908070400 71247593472 187426013184 0 0 102767
160000000 1800 415912 4947526 46428936 108103059 0 0 102767
Counter FalseInternal -2147483648 4150394880 74555719680 172778848256 82718752768 0 0 0 0
274905862 4438026 71718294 143061187 55688355 0 0 0 0
Counter Compaction -2147483648 317765778368 865980756584 1189961951792 575445196800 30338646016 0 0 0
19127 2517 3452 6399 4988 1771 0 0 0
Counter Learn 0 0 0 0 0 0 0 0 0
0 0 0 0 0 0 0 0 0
Counter SuccessTime 0 0 0 0 0 0 0 0 0
0 0 0 0 0 0 0 0 0
Counter FalseTime 0 0 0 0 0 0 0 0 0
0 0 0 0 0 0 0 0 0
Counter FilteredLookup -2147483648 56492032 928251904 2059403264 1621360640 2210529280 0 0 0
434803095 4439826 72134206 148008713 102117291 108103059 0 0 0
Counter PutWait 1189726 1189218 508 0 0 0 0 0 0
1189726 1189218 508 0 0 0 0 0 0
Counter FileLearning 0 0 0 0 0 0 0 0 0
0 0 0 0 0 0 0 0 0
Counter LevelLearn 0 0 0 0 0 0 0 0 0
0 0 0 0 0 0 0 0 0
Counter LevelModelUse 0 0 0 0 0 0 0 0 0
0 0 0 0 0 0 0 0 0
Counter LevelModelNotUse 582010008 0 159895433 159479521 154531995 108103059 0 0 0
582010008 0 159895433 159479521 154531995 108103059 0 0 0
Counter BaselineNegative -2147483648 4150394880 74555719680 172778848256 82718752768 0 0 0 0
274905862 4438026 71718294 143061187 55688355 0 0 0 0
Counter LLSMNegative 0 0 0 0 0 0 0 0 0
0 0 0 0 0 0 0 0 0
Counter BaselinePositive -2147483648 1572864 409993216 5908070400 71247593472 187426013184 0 0 0
159897233 1800 415912 4947526 46428936 108103059 0 0 0
Counter LLSMPositive 0 0 0 0 0 0 0 0 0
0 0 0 0 0 0 0 0 0
-------------------------------------
