Running db_bench with --num=160000000 --lac=1
Keys:       16 bytes each
Values:     100 bytes each (50 bytes after compression)
Entries:    160000000
RawSize:    17700.2 MB (estimated)
FileSize:   10070.8 MB (estimated)
------------------------------------------------
Counter  0 0 0 0 0 0 0 0 0
0 0 0 0 0 0 0 0 0
Counter  0 0 0 0 0 0 0 0 0
0 0 0 0 0 0 0 0 0
Counter  0 0 0 0 0 0 0 0 0
0 0 0 0 0 0 0 0 0
Counter  0 0 0 0 0 0 0 0 0
0 0 0 0 0 0 0 0 0
Counter  0 0 0 0 0 0 0 0 0
0 0 0 0 0 0 0 0 0
Counter  0 0 0 0 0 0 0 0 0
0 0 0 0 0 0 0 0 0
Counter  0 0 0 0 0 0 0 0 0
0 0 0 0 0 0 0 0 0
Counter  0 0 0 0 0 0 0 0 0
0 0 0 0 0 0 0 0 0
Counter  0 0 0 0 0 0 0 0 0
0 0 0 0 0 0 0 0 0
Counter  0 0 0 0 0 0 0 0 0
0 0 0 0 0 0 0 0 0
Counter  0 0 0 0 0 0 0 0 0
0 0 0 0 0 0 0 0 0
Counter  0 0 0 0 0 0 0 0 0
0 0 0 0 0 0 0 0 0
Counter  0 0 0 0 0 0 0 0 0
0 0 0 0 0 0 0 0 0
Counter  0 0 0 0 0 0 0 0 0
0 0 0 0 0 0 0 0 0
Counter  0 0 0 0 0 0 0 0 0
0 0 0 0 0 0 0 0 0
Counter BaselineNegative 0 0 0 0 0 0 0 0 0
0 0 0 0 0 0 0 0 0
Counter LLSMNegative 0 0 0 0 0 0 0 0 0
0 0 0 0 0 0 0 0 0
Counter BaselinePositive 0 0 0 0 0 0 0 0 0
0 0 0 0 0 0 0 0 0
Counter LLSMPositive 0 0 0 0 0 0 0 0 0
0 0 0 0 0 0 0 0 0
fillrandom   :       8.812 micros/op;   12.6 MB/s;  1409.933
readrandom   :       5.941 micros/op;   18.6 MB/s (160000000 of 160000000 found);   950.575
--------------------------------------------------
memtable stall time: 7.78316 s
L0 stall time: 0  s
L0 slow stall time: 1267.26  s
waf:16.7944
Timer 0: 9160927232 : 9.160927232
Timer 1: 4436414464 : 4.436414464
Timer 2: 17778292736 : 17.778292736
Timer 3: 17359984640 : 17.359984640
Timer 4: 0 : 0.000000000
Timer 5: 17185890304 : 17.185890304
Timer 6: 68972642304 : 68.972642304
Timer 7: 1446250283008 : 1446.250283008
Timer 8: 0 : 0.000000000
Timer 9: 0 : 0.000000000
Timer 10: 0 : 0.000000000
Timer 11: 0 : 0.000000000
Timer 12: 21448224768 : 21.448224768
Timer 13: 0 : 0.000000000
Timer 14: 32167634944 : 32.167634944
Timer 15: 1090114944 : 1.090114944
Timer 16: 86768787456 : 86.768787456
Timer 17: 0 : 0.000000000
Timer 18: 0 : 0.000000000
Timer 19: 0 : 0.000000000

                               Compactions
Level  Files  Size(MB) Time(sec) M_Time(micros) Read(MB) Write(MB)  M_Read(MB) M_Write(MB) Count 
------------------------------------------------------------------------------------------------ 
  0         0         0      290    374222       11364      17385         26          3      270
  1         6         8      525     55353       27972      27806          2          2     3125
  2        69       100      491    165135       29507      28206         13          2     2870
  3       524      1000       14     64771        1090        963          5          2      191
  4      1704      3321        0         0           0          0          0          0        0

Counter LevelModel 0 0 0 0 0 0 0 0 0
0 0 0 0 0 0 0 0 0
Counter FileModel 0 0 0 0 0 0 0 0 0
0 0 0 0 0 0 0 0 0
Counter Baseline 403597912 7684029 79440087 107376276 101269126 107828394 0 0 0
403597912 7684029 79440087 107376276 101269126 107828394 0 0 0
Counter Succeeded -2147483648 3145728 405143552 6129713152 71315226624 186203635712 0 0 102767
160000000 3208 419040 4974446 46672145 107828394 0 0 102767
Counter FalseInternal -2147483648 6991380480 80557506560 126266900480 81258217472 0 0 0 0
243700679 7680821 79021047 102401830 54596981 0 0 0 0
Counter Compaction -2147483648 316927157616 881750952696 1187441248856 564529135616 28620750848 0 0 0
19125 2517 3445 6390 4994 1779 0 0 0
Counter Learn 0 0 0 0 0 0 0 0 0
0 0 0 0 0 0 0 0 0
Counter SuccessTime 0 0 0 0 0 0 0 0 0
0 0 0 0 0 0 0 0 0
Counter FalseTime 0 0 0 0 0 0 0 0 0
0 0 0 0 0 0 0 0 0
Counter FilteredLookup -2147483648 98566144 1021444096 1521483776 1667629056 2164391936 0 0 0
403597912 7684029 79440087 107376276 101269126 107828394 0 0 0
Counter PutWait 1202438 1201948 490 0 0 0 0 0 0
1202438 1201948 490 0 0 0 0 0 0
Counter FileLearning 0 0 0 0 0 0 0 0 0
0 0 0 0 0 0 0 0 0
Counter LevelLearn 0 0 0 0 0 0 0 0 0
0 0 0 0 0 0 0 0 0
Counter LevelModelUse 0 0 0 0 0 0 0 0 0
0 0 0 0 0 0 0 0 0
Counter LevelModelNotUse 581697943 0 159894025 159474985 154500539 107828394 0 0 0
581697943 0 159894025 159474985 154500539 107828394 0 0 0
Counter BaselineNegative -2147483648 6991380480 80557506560 126266900480 81258217472 0 0 0 0
243700679 7680821 79021047 102401830 54596981 0 0 0 0
Counter LLSMNegative 0 0 0 0 0 0 0 0 0
0 0 0 0 0 0 0 0 0
Counter BaselinePositive -2147483648 3145728 405143552 6129713152 71315226624 186203635712 0 0 0
159897233 3208 419040 4974446 46672145 107828394 0 0 0
Counter LLSMPositive 0 0 0 0 0 0 0 0 0
0 0 0 0 0 0 0 0 0
-------------------------------------
