Running db_bench with --num=160000000 --lac=1
Keys:       16 bytes each
Values:     100 bytes each (50 bytes after compression)
Entries:    160000000
RawSize:    17700.2 MB (estimated)
FileSize:   10070.8 MB (estimated)
------------------------------------------------
Counter  0 0 0 0 0 0 0 0 0
0 0 0 0 0 0 0 0 0
Counter  0 0 0 0 0 0 0 0 0
0 0 0 0 0 0 0 0 0
Counter  0 0 0 0 0 0 0 0 0
0 0 0 0 0 0 0 0 0
Counter  0 0 0 0 0 0 0 0 0
0 0 0 0 0 0 0 0 0
Counter  0 0 0 0 0 0 0 0 0
0 0 0 0 0 0 0 0 0
Counter  0 0 0 0 0 0 0 0 0
0 0 0 0 0 0 0 0 0
Counter  0 0 0 0 0 0 0 0 0
0 0 0 0 0 0 0 0 0
Counter  0 0 0 0 0 0 0 0 0
0 0 0 0 0 0 0 0 0
Counter  0 0 0 0 0 0 0 0 0
0 0 0 0 0 0 0 0 0
Counter  0 0 0 0 0 0 0 0 0
0 0 0 0 0 0 0 0 0
Counter  0 0 0 0 0 0 0 0 0
0 0 0 0 0 0 0 0 0
Counter  0 0 0 0 0 0 0 0 0
0 0 0 0 0 0 0 0 0
Counter  0 0 0 0 0 0 0 0 0
0 0 0 0 0 0 0 0 0
Counter  0 0 0 0 0 0 0 0 0
0 0 0 0 0 0 0 0 0
Counter  0 0 0 0 0 0 0 0 0
0 0 0 0 0 0 0 0 0
Counter BaselineNegative 0 0 0 0 0 0 0 0 0
0 0 0 0 0 0 0 0 0
Counter LLSMNegative 0 0 0 0 0 0 0 0 0
0 0 0 0 0 0 0 0 0
Counter BaselinePositive 0 0 0 0 0 0 0 0 0
0 0 0 0 0 0 0 0 0
Counter LLSMPositive 0 0 0 0 0 0 0 0 0
0 0 0 0 0 0 0 0 0
zipfill      :       3.934 micros/op;   28.1 MB/s;   629.387
zipread      :       2.977 micros/op;   37.2 MB/s (160000000 of 160000000 found);   476.315
--------------------------------------------------
memtable stall time: 22.5347 s
L0 stall time: 0  s
L0 slow stall time: 443.604  s
waf:26.1833
Timer 0: 7844659712 : 7.844659712
Timer 1: 3009018112 : 3.009018112
Timer 2: 15991189504 : 15.991189504
Timer 3: 17189322752 : 17.189322752
Timer 4: 0 : 0.000000000
Timer 5: 10720547840 : 10.720547840
Timer 6: 38866722816 : 38.866722816
Timer 7: 630073524224 : 630.073524224
Timer 8: 0 : 0.000000000
Timer 9: 0 : 0.000000000
Timer 10: 0 : 0.000000000
Timer 11: 0 : 0.000000000
Timer 12: 19054317568 : 19.054317568
Timer 13: 0 : 0.000000000
Timer 14: 21116092416 : 21.116092416
Timer 15: 562547968 : 0.562547968
Timer 16: 109291069440 : 109.291069440
Timer 17: 0 : 0.000000000
Timer 18: 0 : 0.000000000
Timer 19: 0 : 0.000000000

                               Compactions
Level  Files  Size(MB) Time(sec) M_Time(micros) Read(MB) Write(MB)  M_Read(MB) M_Write(MB) Count 
------------------------------------------------------------------------------------------------ 
  0         0         0      260    211003       11329      13652         13          3      284
  1         8         9      239    117476       14113      13356          7          2     1238
  2        64        99       70     51365        4289       3907          4          2      586
  3       513      1000        0     35323           4          2          2          2       16
  4        38        73        0         0           0          0          0          0        0

Counter LevelModel 0 0 0 0 0 0 0 0 0
0 0 0 0 0 0 0 0 0
Counter FileModel 0 0 0 0 0 0 0 0 0
0 0 0 0 0 0 0 0 0
Counter Baseline 162953813 2704291 75356769 32168022 35370347 17354384 0 0 0
162953813 2704291 75356769 32168022 35370347 17354384 0 0 0
Counter Succeeded -2147483648 122159104 20684210176 15119613952 54993944576 21191262208 0 0 74474842
160000000 132895 21473927 11380539 35183413 17354384 0 0 74474842
Counter FalseInternal -2147483648 2213806080 52698349568 26997948416 233242624 0 0 0 0
77428655 2571396 53882842 20787483 186934 0 0 0 0
Counter Compaction -2147483648 301394705984 550528204160 437689390816 79568285696 259194880 0 0 0
6945 2531 1556 2027 793 38 0 0 0
Counter Learn 0 0 0 0 0 0 0 0 0
0 0 0 0 0 0 0 0 0
Counter SuccessTime 0 0 0 0 0 0 0 0 0
0 0 0 0 0 0 0 0 0
Counter FalseTime 0 0 0 0 0 0 0 0 0
0 0 0 0 0 0 0 0 0
Counter FilteredLookup -2147483648 31981568 931069952 469565440 594870272 242876416 0 0 0
162953813 2704291 75356769 32168022 35370347 17354384 0 0 0
Counter PutWait 420811 420750 61 0 0 0 0 0 0
420811 420750 61 0 0 0 0 0 0
Counter FileLearning 0 0 0 0 0 0 0 0 0
0 0 0 0 0 0 0 0 0
Counter LevelLearn 0 0 0 0 0 0 0 0 0
0 0 0 0 0 0 0 0 0
Counter LevelModelUse 0 0 0 0 0 0 0 0 0
0 0 0 0 0 0 0 0 0
Counter LevelModelNotUse 219202780 0 85392263 63918336 52537797 17354384 0 0 0
219202780 0 85392263 63918336 52537797 17354384 0 0 0
Counter BaselineNegative -2147483648 2213806080 52698349568 26997948416 233242624 0 0 0 0
134131827 78568592 33657725 21883531 21979 0 0 0 0
Counter LLSMNegative 0 0 0 0 0 0 0 0 0
0 0 0 0 0 0 0 0 0
Counter BaselinePositive -2147483648 122159104 20684210176 15119613952 54993944576 21191262208 0 0 0
85525158 132895 21473927 11380539 35183413 17354384 0 0 0
Counter LLSMPositive 0 0 0 0 0 0 0 0 0
0 0 0 0 0 0 0 0 0
-------------------------------------
